1
2
3
4
5
6
7
8
9
10
11
12
13
14
15
16
17
18
19
20
21
22
23
24
25
26
1
27
2
28
3
4
29
30
5
6
31
32
7
33
8
9
34
35
10
36
11
12
37
38
13
14
39
40
15
16
41
42
17
18
43
44
19
45
20
1
46
2
21
3
22
47
4
23
48
5
49
24
6
50
25
51
26
7
52
8
27
1
53
28
9
2
29
10
54
3
11
30
4
55
12
5
31
13
56
6
14
57
32
7
58
15
33
8
59
16
34
17
60
9
35
61
10
18
36
62
19
11
37
63
12
20
38
64
13
39
21
22
14
65
40
15
41
23
66
16
42
67
24
17
68
43
25
18
26
44
69
19
45
27
20
70
46
71
28
21
72
47
29
22
48
30
73
23
49
74
31
24
75
50
32
51
25
76
33
26
52
77
34
27
78
53
35
28
79
36
54
29
80
37
55
30
81
38
56
31
39
82
83
32
57
40
58
33
84
41
34
42
59
85
43
35
60
86
36
44
61
87
62
37
45
88
