1
2
3
4
5
6
7
8
9
10
11
12
13
14
15
16
17
18
19
20
21
22
23
24
25
26
27
28
29
30
31
32
33
34
35
36
37
38
39
40
41
42
43
44
45
46
47
48
49
50
51
52
53
54
55
56
57
58
59
60
61
62
63
64
65
66
67
68
69
70
71
72
73
74
75
76
77
78
79
80
81
82
83
84
85
86
87
88
89
90
91
92
93
94
95
96
97
98
99
100
101
102
103
104
105
106
107
108
109
110
111
112
113
114
115
116
117
118
119
120
121
122
123
124
125
126
127
128
129
130
131
132
133
134
135
136
137
138
139
140
141
142
143
144
145
146
147
148
149
150
151
152
153
154
155
156
157
158
159
160
161
162
163
164
165
166
167
168
169
170
171
172
173
174
175
176
177
178
179
180
181
182
183
184
185
186
187
188
189
190
191
192
193
194
195
196
197
198
199
200
201
202
203
204
205
206
207
208
209
210
211
212
213
214
215
216
217
218
219
220
221
222
223
224
225
226
227
228
229
230
231
232
233
234
235
236
237
238
239
240
241
242
243
244
245
246
247
248
249
250
251
252
253
254
255
256
257
258
259
260
261
262
263
264
265
266
267
268
269
270
271
272
273
274
275
276
277
278
279
280
281
282
283
284
285
286
287
288
289
290
291
292
293
294
295
296
297
298
299
300
301
302
303
304
305
306
307
308
309
310
311
312
313
314
315
316
317
318
319
320
321
322
323
324
325
326
327
328
329
330
331
332
333
334
335
336
337
338
339
340
341
342
343
344
345
346
347
348
349
350
351
352
353
354
355
356
357
358
359
360
361
362
363
364
365
366
367
368
369
370
371
372
373
374
375
376
377
378
379
380
381
382
383
384
385
386
387
388
389
390
391
392
393
394
395
396
397
398
399
400
401
402
403
404
405
406
407
408
409
410
411
412
413
414
415
416
417
418
419
420
421
422
423
424
425
426
427
428
429
430
431
432
433
434
435
436
437
438
439
440
441
442
443
444
445
446
447
448
449
450
451
452
453
454
455
456
457
458
459
460
461
462
463
464
465
466
467
468
469
470
471
472
473
474
475
476
477
478
479
480
481
482
483
484
485
486
487
488
489
490
491
492
493
494
495
496
497
498
499
500
501
502
503
504
505
506
507
508
509
510
511
512
513
514
515
516
517
518
519
520
521
522
523
524
525
526
527
528
529
530
531
532
533
534
535
536
537
538
539
540
541
542
543
544
545
546
547
548
549
550
551
552
553
554
555
556
557
558
559
560
561
562
563
564
565
566
567
568
569
570
571
572
573
574
575
576
577
578
579
580
581
582
583
584
585
586
587
588
589
590
591
592
593
594
595
596
597
598
599
600
601
602
603
604
605
606
607
608
609
610
611
612
613
614
615
616
617
618
619
620
621
622
623
624
625
626
627
628
629
630
631
632
633
634
635
636
637
638
639
640
641
642
643
644
645
646
647
648
649
650
651
652
653
654
655
656
657
658
659
660
661
662
663
664
665
666
667
668
669
670
671
672
673
674
675
676
677
678
679
680
681
682
683
684
685
686
687
688
689
690
691
692
693
694
695
696
697
698
699
700
701
702
703
704
705
706
707
708
709
710
711
712
713
714
715
716
717
718
719
720
721
722
723
724
725
726
727
728
729
730
731
732
733
734
735
736
737
738
739
740
741
742
743
744
745
746
747
748
749
750
751
752
753
754
755
756
757
758
759
760
761
762
763
764
765
766
767
768
769
770
771
772
773
774
775
776
777
778
779
780
781
782
783
784
785
786
787
788
789
790
791
792
793
794
795
796
797
798
799
800
801
802
803
804
805
806
807
808
809
810
811
812
813
814
815
816
817
818
819
820
821
822
823
824
825
826
827
828
829
830
831
832
833
834
835
836
837
838
839
840
841
842
843
844
845
846
847
848
849
850
851
852
853
854
855
856
857
858
859
860
861
862
863
864
865
866
867
868
869
870
871
872
873
874
875
876
877
878
879
880
881
882
883
884
885
886
887
888
889
890
891
892
893
894
895
896
897
898
899
900
901
902
903
904
905
906
907
908
909
910
911
912
913
914
915
916
917
918
919
920
921
922
923
924
925
926
927
928
929
930
931
932
933
934
935
936
937
938
939
940
941
942
943
944
945
946
947
948
949
950
951
952
953
954
955
956
957
958
959
960
961
962
963
964
965
966
967
968
969
970
971
972
973
974
975
976
977
978
979
980
981
982
983
984
985
986
987
988
989
990
991
992
993
994
995
996
997
998
999
1000
1001
1002
1003
1004
1005
1006
1007
1008
1009
1010
1011
1012
1013
1014
1015
1016
1017
1018
1019
1020
1021
1022
1023
1024
1025
1026
1027
1028
1029
1030
1031
1032
1033
1034
1035
1036
1037
1038
1039
1040
1041
1042
1043
1044
1045
1046
1047
1048
1049
1050
1051
1052
1053
1054
1055
1056
1057
1058
1059
1060
1061
1062
1063
1064
1065
1066
1067
1068
1069
1070
1071
1072
1073
1074
1075
1076
1077
1078
1079
1080
1081
1082
1083
1084
1085
1086
1087
1088
1089
1090
1091
1092
1093
1094
1095
1096
1097
1098
1099
1100
1101
1102
1103
1104
1105
1106
1107
1108
1109
1110
1111
1112
1113
1114
1115
1116
1117
1118
1119
1120
1121
1122
1123
1124
1125
1126
1127
1128
1129
1130
1131
1132
1133
1134
1135
1136
1137
1138
1139
1140
1141
1142
1143
1144
1145
1146
1147
1148
1149
1150
1151
1152
1153
1154
1155
1156
1157
1158
1159
1160
1161
1162
1163
1164
1165
1166
1167
1168
1169
1170
1171
1172
1173
1174
1175
1176
1177
1178
1179
1180
1181
1182
1183
1184
1185
1186
1187
1188
1189
1190
1191
1192
1193
1194
1195
1196
1197
1198
1199
1200
1201
1202
1203
1204
1205
1206
1207
1208
1209
1210
1211
1212
1213
1214
1215
1216
1217
1218
1219
1220
1221
1222
1223
1224
1225
1226
1227
1228
1229
1230
1231
1232
1233
1234
1235
1236
1237
1238
1239
1240
1241
1242
1243
1244
1245
1246
1247
1248
1249
1250
1251
1252
1253
1254
1255
1256
1257
1258
1259
1260
1261
1262
1263
1264
1265
1266
1267
1268
1269
1270
1271
1272
1273
1274
1275
1276
1277
1278
1279
1280
1281
1282
1283
1284
1285
1286
1287
1288
1289
1290
1291
1292
1293
1294
1295
1296
1297
1298
1299
1300
1301
1302
1303
1304
1305
1306
1307
1308
1309
1310
1311
1312
1313
1314
1315
1316
1317
1318
1319
1320
1321
1322
1323
1324
1325
1326
1327
1328
1329
1330
1331
1332
1333
1334
1335
1336
1337
1338
1339
1340
1341
1342
1343
1344
1345
1346
1347
1348
1349
1350
1351
1352
1353
1354
1355
1356
1357
1358
1359
1360
1361
1362
1363
1364
1365
1366
1367
1368
1369
1370
1371
1372
1373
1374
1375
1376
1377
1378
1379
1380
1381
1382
1383
1384
1385
1386
1387
1388
1389
1390
1391
1392
1393
1394
1395
1396
1397
1398
1399
1400
1401
1402
1403
1404
1405
1406
1407
1408
1409
1410
1411
1412
1413
1414
1415
1416
1417
1418
1419
1420
1421
1422
1423
1424
1425
1426
1427
1428
1429
1430
1431
1432
1433
1434
1435
1436
1437
1438
1439
1440
1441
1442
1443
1444
1445
1446
1447
1448
1449
1450
1451
1452
1453
1454
1455
1456
1457
1458
1459
1460
1461
1462
1463
1464
1465
1466
1467
1468
1469
1470
1471
1472
1473
1474
1475
1476
1477
1478
1479
1480
1481
1482
1483
1484
1485
1486
1487
1488
1489
1490
1491
1492
1493
1494
1495
1496
1497
1498
1499
1500
1501
1502
1503
1504
1505
1506
1507
1508
1509
1510
1511
1512
1513
1514
1515
1516
1517
1518
1519
1520
1521
1522
1523
1524
1525
1526
1527
1528
1529
1530
1531
1532
1533
1534
1535
1536
1537
1538
1539
1540
1541
1542
1543
1544
1545
1546
1547
1548
1549
1550
1551
1552
1553
1554
1555
1556
1557
1558
1559
1560
1561
1562
1563
1564
1565
1566
1567
1568
1569
1570
1571
1572
1573
1574
1575
1576
1577
1578
1579
1580
1581
1582
1583
1584
1585
1586
1587
1588
1589
1590
1591
1592
1593
1594
1595
1596
1597
1598
1599
1600
1601
1602
1603
1604
1605
1606
1607
1608
1609
1610
1611
1612
1613
1614
1615
1616
1617
1618
1619
1620
1621
1622
1623
1624
1625
1626
1627
1628
1629
1630
1631
1632
1633
1634
1635
1636
1637
1638
1639
1640
1641
1642
1643
1644
1645
1646
1647
1648
1649
1650
1651
1652
1653
1654
1655
1656
1657
1658
1659
1660
1661
1662
1663
1664
1665
1666
1667
1668
1669
1670
1671
1672
1673
1674
1675
1676
1677
1678
1679
1680
1681
1682
1683
1684
1685
1686
1687
1688
1689
1690
1691
1692
1693
1694
1695
1696
1697
1698
1699
1700
1701
1702
1703
1704
1705
1706
1707
1708
1709
1710
1711
1712
1713
1714
1715
1716
1717
1718
1719
1720
1721
1722
1723
1724
1725
1726
1727
1728
1729
1730
1731
1732
1733
1734
1735
1736
1737
1738
1739
1740
1741
1742
1743
1744
1745
1746
1747
1748
1749
1750
1751
1752
1753
1754
1755
1756
1757
1758
1759
1760
1761
1762
1763
1764
1765
1766
1767
1768
1769
1770
1771
1772
1773
1774
1775
1776
1777
1778
1779
1780
1781
1782
1783
1784
1785
1786
1787
1788
1789
1790
1791
1792
1793
1794
1795
1796
1797
1798
1799
1800
1801
1802
1803
1804
1805
1806
1807
1808
1809
1810
1811
1812
1813
1814
1815
1816
1817
1818
1819
1820
1821
1822
1823
1824
1825
1826
1827
1828
1829
1830
1831
1832
1833
1834
1835
1836
1837
1838
1839
1840
1841
1842
1843
1844
1845
1846
1847
1848
1849
1850
1851
1852
1853
1854
1855
1856
1857
1858
1859
1860
1861
1862
1863
1864
1865
1866
1867
1868
1869
1870
1871
1872
1873
1874
1875
1876
1877
1878
1879
1880
1881
1882
1883
1884
1885
1886
1887
1888
1889
1890
1891
1892
1893
1894
1895
1896
1897
1898
1899
1900
1901
1902
1903
1904
1905
1906
1907
1908
1909
1910
1911
1912
1913
1914
1915
1916
1917
1918
1919
1920
1921
1922
1923
1924
1925
1926
1927
1928
1929
1930
1931
1932
1933
1934
1935
1936
1937
1938
1939
1940
1941
1942
1943
1944
1945
1946
1947
1948
1949
1950
1951
1952
1953
1954
1955
1956
1957
1958
1959
1960
1961
1962
1963
1964
1965
1966
1967
1968
1969
1970
1971
1972
1973
1974
1975
1976
1977
1978
1979
1980
1981
1982
1983
1984
1985
1986
1987
1988
1989
1990
1991
1992
1993
1994
1995
1996
1997
1998
1999
2000
2001
2002
2003
2004
2005
2006
2007
2008
2009
2010
2011
2012
2013
2014
2015
2016
2017
2018
2019
2020
2021
2022
2023
2024
2025
2026
2027
2028
2029
2030
2031
2032
2033
2034
2035
2036
2037
2038
2039
2040
2041
2042
2043
2044
2045
2046
2047
2048
2049
2050
2051
2052
2053
2054
2055
2056
2057
2058
2059
2060
2061
2062
2063
2064
2065
2066
2067
2068
2069
2070
2071
2072
2073
2074
2075
2076
2077
2078
2079
2080
2081
2082
2083
2084
2085
2086
2087
2088
2089
2090
2091
2092
2093
2094
2095
2096
2097
2098
2099
2100
2101
2102
2103
2104
2105
2106
2107
2108
2109
2110
2111
2112
2113
2114
2115
2116
2117
2118
2119
2120
2121
2122
2123
2124
2125
2126
2127
2128
2129
2130
2131
2132
2133
2134
2135
2136
2137
2138
2139
2140
2141
2142
2143
2144
2145
2146
2147
2148
2149
2150
2151
2152
2153
2154
2155
2156
2157
2158
2159
2160
2161
2162
2163
2164
2165
2166
2167
2168
2169
2170
2171
2172
2173
2174
2175
2176
2177
2178
2179
2180
2181
2182
2183
2184
2185
2186
2187
2188
2189
2190
2191
2192
2193
2194
2195
2196
2197
2198
2199
2200
2201
2202
2203
2204
2205
2206
2207
2208
2209
2210
2211
2212
2213
2214
2215
2216
2217
2218
2219
2220
2221
2222
2223
2224
2225
2226
2227
2228
2229
2230
2231
2232
2233
2234
2235
2236
2237
2238
2239
2240
2241
2242
2243
2244
2245
2246
2247
2248
2249
2250
2251
2252
2253
2254
2255
2256
2257
2258
2259
2260
2261
2262
2263
2264
2265
2266
2267
2268
2269
2270
2271
2272
2273
2274
2275
2276
2277
2278
2279
2280
2281
2282
2283
2284
2285
2286
2287
2288
2289
2290
2291
2292
2293
2294
2295
2296
2297
2298
2299
2300
2301
2302
2303
2304
2305
2306
2307
2308
2309
2310
2311
2312
2313
2314
2315
2316
2317
2318
2319
2320
2321
2322
2323
2324
2325
2326
2327
2328
2329
2330
2331
2332
2333
2334
2335
2336
2337
2338
2339
2340
2341
2342
2343
2344
2345
2346
2347
2348
2349
2350
2351
2352
2353
2354
2355
2356
2357
2358
2359
2360
2361
2362
2363
2364
2365
2366
2367
2368
2369
2370
2371
2372
2373
2374
2375
2376
2377
2378
2379
2380
2381
2382
2383
2384
2385
2386
2387
2388
2389
2390
2391
2392
2393
2394
2395
2396
2397
2398
2399
2400
2401
2402
2403
2404
2405
2406
2407
2408
2409
2410
2411
2412
2413
2414
2415
2416
2417
2418
2419
2420
2421
2422
2423
2424
2425
2426
2427
2428
2429
2430
2431
2432
2433
2434
2435
2436
2437
2438
2439
2440
2441
2442
2443
2444
2445
2446
2447
2448
2449
2450
2451
2452
2453
2454
2455
2456
2457
2458
2459
2460
2461
2462
2463
2464
2465
2466
2467
2468
2469
2470
2471
2472
2473
2474
2475
2476
2477
2478
2479
2480
2481
2482
2483
2484
2485
2486
2487
2488
2489
2490
2491
2492
2493
2494
2495
2496
2497
2498
2499
2500
2501
2502
2503
2504
2505
2506
2507
2508
2509
2510
2511
2512
2513
2514
2515
2516
2517
2518
2519
2520
2521
2522
2523
2524
2525
2526
2527
2528
2529
2530
2531
2532
2533
2534
2535
2536
2537
2538
2539
2540
2541
2542
2543
2544
2545
2546
2547
2548
2549
2550
2551
2552
2553
2554
2555
2556
2557
2558
2559
2560
2561
2562
2563
2564
2565
2566
2567
2568
2569
2570
2571
2572
2573
2574
2575
2576
2577
2578
2579
2580
2581
2582
2583
2584
2585
2586
2587
2588
2589
2590
2591
2592
2593
2594
2595
2596
2597
2598
2599
2600
2601
2602
2603
2604
2605
2606
2607
2608
2609
2610
2611
2612
2613
2614
2615
2616
2617
2618
2619
2620
2621
2622
2623
2624
2625
2626
2627
2628
2629
2630
2631
2632
2633
2634
2635
2636
2637
2638
2639
2640
2641
2642
2643
2644
2645
2646
2647
2648
2649
2650
2651
2652
2653
2654
2655
2656
2657
2658
2659
2660
2661
2662
2663
2664
2665
2666
2667
2668
2669
2670
2671
2672
2673
2674
2675
2676
2677
2678
2679
2680
2681
2682
2683
2684
2685
2686
2687
2688
2689
2690
2691
2692
2693
2694
2695
2696
2697
2698
2699
2700
2701
2702
2703
2704
2705
2706
2707
2708
2709
2710
2711
2712
2713
2714
2715
2716
2717
2718
2719
2720
2721
2722
2723
2724
2725
2726
2727
2728
2729
2730
2731
2732
2733
2734
2735
2736
2737
2738
2739
2740
2741
2742
2743
2744
2745
2746
2747
2748
2749
2750
2751
2752
2753
2754
2755
2756
2757
2758
2759
2760
2761
2762
2763
2764
2765
2766
2767
2768
2769
2770
2771
2772
2773
2774
2775
2776
2777
2778
2779
2780
2781
2782
2783
2784
2785
2786
2787
2788
2789
2790
2791
2792
2793
2794
2795
2796
2797
2798
2799
2800
2801
2802
2803
2804
2805
2806
2807
2808
2809
2810
2811
2812
2813
2814
2815
2816
2817
2818
2819
2820
2821
2822
2823
2824
2825
2826
2827
2828
2829
2830
2831
2832
2833
2834
2835
2836
2837
2838
2839
2840
2841
2842
2843
2844
2845
2846
2847
2848
2849
2850
2851
2852
2853
2854
2855
2856
2857
2858
2859
2860
2861
2862
2863
2864
2865
2866
2867
2868
2869
2870
2871
2872
2873
2874
2875
2876
2877
2878
2879
2880
2881
2882
2883
2884
2885
2886
2887
2888
2889
2890
2891
2892
2893
2894
2895
2896
2897
2898
2899
2900
2901
2902
2903
2904
2905
2906
2907
2908
2909
2910
2911
2912
2913
2914
2915
2916
2917
2918
2919
2920
2921
2922
2923
2924
2925
2926
2927
2928
1 1770700223344901400
2 1770700223968698600
3 1770700224263227200
4 1770700224523512100
5 1770700224853695300
6 1770700225175363200
7 1770700225410181500
8 1770700225650443500
9 1770700225887384000
10 1770700226119702100
11 1770700226350329700
12 1770700226588048400
13 1770700226825949700
14 1770700227096649900
15 1770700227498368900
16 1770700227751583800
17 1770700228027721000
18 1770700228317657500
19 1770700228583243600
20 1770700228858913700
21 1770700229102214700
22 1770700229349185800
23 1770700229594601500
24 1770700229845494700
25 1770700230100896300
26 1770700230316174200
27 1770700230555431000
28 1770700230827996100
29 1770700231077508200
30 1770700231301640900
31 1770700231532802100
32 1770700231773194400
33 1770700232005682500
34 1770700232222567800
35 1770700232499626800
36 1770700232740914000
37 1770700232985679800
38 1770700233225399200
39 1770700233455159800
40 1770700233700503800
41 1770700233963453600
42 1770700234236573200
43 1770700234472283400
44 1770700234699236300
45 1770700235033523200
46 1770700235274862700
47 1770700235494486100
48 1770700235713931100
49 1770700235941508700
50 1770700236177343000
51 1770700236404102800
52 1770700236624385400
53 1770700236889937000
54 1770700237112256600
55 1770700237392084300
56 1770700237613082500
57 1770700237837505900
58 1770700238052501300
59 1770700238276979800
60 1770700238505541300
61 1770700238741269700
62 1770700238964806800
63 1770700239195732600
64 1770700239436343500
65 1770700239646546300
66 1770700239860949600
67 1770700240096030300
68 1770700240367239500
69 1770700240596392600
70 1770700240839763900
71 1770700241109921000
72 1770700241385243700
73 1770700241647468700
74 1770700241898714500
75 1770700242151861200
76 1770700242440962800
77 1770700243001710700
78 1770700243290034700
79 1770700243552933000
80 1770700243835739700
81 1770700244085331300
82 1770700244340221800
83 1770700244608889500
84 1770700244865750900
85 1770700245115520600
86 1770700245385545800
87 1770700245638622900
88 1770700245887178300
89 1770700246144658800
90 1770700246386937900
91 1770700246652896600
92 1770700246918562000
93 1770700247148341000
94 1770700247392517700
95 1770700247593065200
96 1770700247821021700
97 1770700248063284800
98 1770700248282077100
99 1770700248512516600
100 1770700248763498100
101 1770700248984519400
102 1770700249198408500
103 1770700249426225000
104 1770700249642771000
105 1770700250049900200
106 1770700250255480600
107 1770700250467208500
108 1770700250680244000
109 1770700250929107900
110 1770700251143269900
111 1770700251380458800
112 1770700251629894900
113 1770700251874084900
114 1770700252102706600
115 1770700252316292000
116 1770700252515752500
117 1770700252751991900
118 1770700252981689300
119 1770700253237543700
120 1770700253470361200
121 1770700253705640900
122 1770700253925466300
123 1770700254151613700
124 1770700254382338100
125 1770700254618504500
126 1770700254853634200
127 1770700255096070600
128 1770700255313547200
129 1770700255502548200
130 1770700255719483200
131 1770700255945203300
132 1770700256165848800
133 1770700256381107200
134 1770700256616345400
135 1770700256844286500
136 1770700257061798000
137 1770700257318332400
138 1770700257627395500
139 1770700257882145600
140 1770700258132431600
141 1770700258383680400
142 1770700258640687500
143 1770700258894188400
144 1770700259145244100
145 1770700259396262900
146 1770700259661212700
147 1770700259901948700
148 1770700260148831700
149 1770700260381493700
150 1770700260610613700
151 1770700260868698500
152 1770700261117870900
153 1770700261401450300
154 1770700261646717300
155 1770700261869353300
156 1770700262125480300
157 1770700262331106500
158 1770700262563015900
159 1770700262766613800
160 1770700262965597900
161 1770700263172566200
162 1770700263406012900
163 1770700263632520000
164 1770700263859861900
165 1770700264084925800
166 1770700264366428400
167 1770700264588900400
168 1770700264843035000
169 1770700265164097000
170 1770700265523507200
171 1770700265773056000
172 1770700266021747600
173 1770700266253449900
174 1770700266476490000
175 1770700266687170100
176 1770700266913255300
177 1770700267145018100
178 1770700267388204600
179 1770700267622762500
180 1770700267924972800
181 1770700268180452000
182 1770700268454631700
183 1770700268746708300
184 1770700269062984800
185 1770700269415670200
186 1770700269708448000
187 1770700270064341400
188 1770700270361213700
189 1770700270615521600
190 1770700270889367900
191 1770700271148122200
192 1770700271403902200
193 1770700271655441100
194 1770700271898400900
195 1770700272161783800
196 1770700272421352700
197 1770700272703085300
198 1770700272992383700
199 1770700273253098000
200 1770700273501119000
201 1770700273848599500
202 1770700274113247400
203 1770700274383863000
204 1770700274614855400
205 1770700275261200900
206 1770700275639431300
207 1770700275852056900
208 1770700276087251000
209 1770700276339612300
210 1770700276581071400
211 1770700276820292600
212 1770700277012016500
213 1770700277223676000
214 1770700277511934800
215 1770700277769020700
216 1770700278001069800
217 1770700278287780800
218 1770700278501548600
219 1770700278700472600
220 1770700278929906400
221 1770700279170112500
222 1770700279400180600
223 1770700279622806500
224 1770700279870988600
225 1770700280085855900
226 1770700280296899200
227 1770700280509619600
228 1770700280715558000
229 1770700280934605400
230 1770700281152730700
231 1770700281365297200
232 1770700281583982100
233 1770700281804999100
234 1770700282125526500
235 1770700282350303100
236 1770700282568567200
237 1770700282810670400
238 1770700283036209500
239 1770700283281317900
240 1770700283491814800
241 1770700283689111200
242 1770700283909395600
243 1770700284150745400
244 1770700284376978100
245 1770700284586234200
246 1770700284805297100
247 1770700285032919000
248 1770700285264085400
249 1770700285481643000
250 1770700285689508400
251 1770700285906703900
252 1770700286138052800
253 1770700286356691800
254 1770700286597474400
255 1770700286917552600
256 1770700287158915600
257 1770700287376641800
258 1770700287587310500
259 1770700287801341700
260 1770700288057202300
261 1770700288323256700
262 1770700288814741000
263 1770700289172392200
264 1770700289758270500
265 1770700290120007600
266 1770700290405393700
267 1770700290800381200
268 1770700291094291900
269 1770700291334405000
270 1770700291559946400
271 1770700291819290900
272 1770700292300278700
273 1770700292663623400
274 1770700292990036000
275 1770700293344776700
276 1770700293610770900
277 1770700294348782700
278 1770700294671975300
279 1770700294944639700
280 1770700295330157700
281 1770700295593646200
282 1770700296122395900
283 1770700296664012000
284 1770700297037813100
285 1770700297356889600
286 1770700297714184500
287 1770700297982713400
288 1770700298337635900
289 1770700298630735200
290 1770700298937612000
291 1770700299220589700
292 1770700299465787000
293 1770700299708512900
294 1770700299941854400
295 1770700300163851200
296 1770700300466230100
297 1770700300679114000
298 1770700300964516700
299 1770700301181433300
300 1770700301495566700
301 1770700301729536600
302 1770700301942527500
303 1770700302226352500
304 1770700302462861100
305 1770700302682924300
306 1770700302936038800
307 1770700303211535200
308 1770700303676730500
309 1770700304079065300
310 1770700304343747000
311 1770700304603448300
312 1770700304852891100
313 1770700305109383300
314 1770700305358044500
315 1770700305607021300
316 1770700305996885800
317 1770700306268285600
318 1770700306538265900
319 1770700306800976400
320 1770700307037993000
321 1770700307285307100
322 1770700307646732900
323 1770700307960730400
324 1770700308262142000
325 1770700308558477000
326 1770700308847019600
327 1770700309101285500
328 1770700309357739000
329 1770700309611777600
330 1770700309974772100
331 1770700310400072700
332 1770700311323438300
333 1770700312171532200
334 1770700313978286500
335 1770700315511861900
336 1770700316137531800
337 1770700317378850000
338 1770700317655828700
339 1770700317939773700
340 1770700318211003900
341 1770700318482129600
342 1770700318756666000
343 1770700319092147400
344 1770700319322815800
345 1770700319567511400
346 1770700319823677900
347 1770700320055782500
348 1770700320283148000
349 1770700320499230100
350 1770700320723911400
351 1770700320948617900
352 1770700321225911100
353 1770700321493338600
354 1770700321728795200
355 1770700321991183700
356 1770700322264624200
357 1770700322586982400
358 1770700322878190100
359 1770700323218897300
360 1770700323515211300
361 1770700323852206500
362 1770700324108665000
363 1770700324411869000
364 1770700324680694300
365 1770700324961502600
366 1770700325228662500
367 1770700325508210700
368 1770700325798313900
369 1770700327055196800
370 1770700327365463600
371 1770700327672871300
372 1770700328048520400
373 1770700328287197700
374 1770700328563459100
375 1770700328833810500
376 1770700329102690400
377 1770700329367563400
378 1770700329650937000
379 1770700330006753800
380 1770700330252940200
381 1770700330486606600
382 1770700330701081900
383 1770700330986423700
384 1770700331208315700
385 1770700331500390400
386 1770700331734390200
387 1770700331945503000
388 1770700332185591200
389 1770700332431204700
390 1770700332679621400
391 1770700332912537600
392 1770700333177424400
393 1770700333449113400
394 1770700333713829300
395 1770700333983453900
396 1770700334551444500
397 1770700334850315200
398 1770700335162808200
399 1770700335417801400
400 1770700335666668700
401 1770700335911818300
402 1770700336169555800
403 1770700336397473700
404 1770700336623605100
405 1770700336864113200
406 1770700337063278200
407 1770700337287280200
408 1770700337491890900
409 1770700337699122900
410 1770700337927269500
411 1770700338120352200
412 1770700338425047700
413 1770700338696163800
414 1770700338885317700
415 1770700339102353100
416 1770700339320189100
417 1770700339622186400
418 1770700339901879800
419 1770700340116235100
420 1770700340327479400
421 1770700340543924200
422 1770700340801095500
423 1770700341037922100
424 1770700341239595600
425 1770700341504048200
426 1770700341730441100
427 1770700341996900400
428 1770700342259701600
429 1770700342518977000
430 1770700343228547000
431 1770700343636603900
432 1770700343961006400
433 1770700344334994600
434 1770700344608468600
435 1770700344946921500
436 1770700345215290600
437 1770700345483421700
438 1770700345724445000
439 1770700345949490400
440 1770700346163718900
441 1770700346392206600
442 1770700346639439400
443 1770700346867068800
444 1770700347104502800
445 1770700347391577100
446 1770700347797824500
447 1770700348146577500
448 1770700348407132500
449 1770700348697890300
450 1770700348915288200
451 1770700349233904900
452 1770700349533844800
453 1770700349809455100
454 1770700350122058500
455 1770700350418128700
456 1770700350812232800
457 1770700351083839600
458 1770700351368342900
459 1770700351646532400
460 1770700351931005700
461 1770700352258288600
462 1770700352571462300
463 1770700353055392500
464 1770700353346280600
465 1770700353618500100
466 1770700353937432400
467 1770700354300514300
468 1770700354586479900
469 1770700354872381400
470 1770700355152878100
471 1770700355471122000
472 1770700355783677400
473 1770700356226611100
474 1770700356572157600
475 1770700356927778200
476 1770700357283961100
477 1770700357652456600
478 1770700358023526200
479 1770700358307583000
480 1770700358604602700
481 1770700358903335100
482 1770700359216409500
483 1770700359495333900
484 1770700359970597100
485 1770700360196369200
486 1770700360423294800
487 1770700360855180200
488 1770700361292218700
489 1770700362261665100
490 1770700362471184400
491 1770700362733649400
492 1770700362960298100
493 1770700363438321100
494 1770700364938136900
495 1770700365554267000
496 1770700366720404200
497 1770700367090300200
498 1770700367371993900
499 1770700367620197700
500 1770700368311254600
501 1770700368661689400
502 1770700369257843100
503 1770700369628123400
504 1770700369937910000
505 1770700370200231200
506 1770700370524605700
507 1770700371222290100
508 1770700371672285300
509 1770700372207095900
510 1770700372499798300
511 1770700372893551000
512 1770700373127033300
513 1770700373366082100
514 1770700373592027200
515 1770700373823258600
516 1770700374040957900
517 1770700374273902300
518 1770700374502540800
519 1770700374729387000
520 1770700374996442800
521 1770700375388189800
522 1770700375687167300
523 1770700375959781000
524 1770700376204778800
525 1770700376480293300
526 1770700376726581500
527 1770700376957563800
528 1770700377185486600
529 1770700377403913500
530 1770700377668029900
531 1770700378196394200
532 1770700378449959500
533 1770700378695975100
534 1770700379020002000
535 1770700379325768200
536 1770700379643676100
537 1770700380414225300
538 1770700381337393100
539 1770700382257561100
540 1770700386129627800
541 1770700386716008700
542 1770700387211363100
543 1770700387629351500
544 1770700388043148400
545 1770700388556328200
546 1770700388841309900
547 1770700389182585800
548 1770700389572011500
549 1770700390009249200
550 1770700390349433100
551 1770700390635488000
552 1770700390913054300
553 1770700391271019800
554 1770700391618984100
555 1770700391883876300
556 1770700392216217300
557 1770700392506449500
558 1770700392808494500
559 1770700393086967100
560 1770700393414796600
561 1770700393692106100
562 1770700393942540100
563 1770700394225536600
564 1770700394541311600
565 1770700394804148400
566 1770700395080438800
567 1770700395366153200
568 1770700395720568200
569 1770700395945590200
570 1770700396169043900
571 1770700396429832800
572 1770700396703454100
573 1770700396974518100
574 1770700397282310400
575 1770700397675467800
576 1770700398101871500
577 1770700398416513700
578 1770700398647545600
579 1770700398864642700
580 1770700399157632000
581 1770700399500146300
582 1770700399801186300
583 1770700400079568200
584 1770700400300861400
585 1770700400669141700
586 1770700400983527600
587 1770700401285714700
588 1770700401482522300
589 1770700401691983200
590 1770700401957831600
591 1770700402250604400
592 1770700402500962100
593 1770700403060558500
594 1770700403334836400
595 1770700403595312400
596 1770700403840546900
597 1770700404152948900
598 1770700404377474500
599 1770700404663916700
600 1770700404905085800
601 1770700405116057200
602 1770700405320451100
603 1770700405536372800
604 1770700405772388000
605 1770700406103259800
606 1770700406344877700
607 1770700406562907400
608 1770700406801361100
609 1770700407006300200
610 1770700407343496900
611 1770700407607282000
612 1770700407836900900
613 1770700408089061200
614 1770700408336919700
615 1770700408574326900
616 1770700408800527100
617 1770700409033484400
618 1770700409292808600
619 1770700409556894100
620 1770700409824132400
621 1770700410076563600
622 1770700410333550300
623 1770700410616298400
624 1770700410861303200
625 1770700411120811000
626 1770700411352719800
627 1770700411611475900
628 1770700411916175400
629 1770700412181673100
630 1770700412538497100
631 1770700412814403300
632 1770700413072632700
633 1770700413344436000
634 1770700413599683200
635 1770700413873601700
636 1770700414116309900
637 1770700414396436800
638 1770700414701466200
639 1770700414951955300
640 1770700415365034400
641 1770700415627126900
642 1770700415929787500
643 1770700416284870200
644 1770700416570886000
645 1770700416979844500
646 1770700417268359600
647 1770700417545849200
648 1770700417827657600
649 1770700418078952900
650 1770700418353955800
651 1770700418637837700
652 1770700418967420500
653 1770700419337133400
654 1770700419562781900
655 1770700419835717500
656 1770700420092038400
657 1770700420337995300
658 1770700420596918300
659 1770700420873471300
660 1770700421147469400
661 1770700421401657700
662 1770700421681357300
663 1770700421947388100
664 1770700422176336600
665 1770700422467057900
666 1770700422693055700
667 1770700422936283100
668 1770700423218702200
669 1770700423480659300
670 1770700423758765100
671 1770700424014996000
672 1770700424278263300
673 1770700424521263800
674 1770700424825998300
675 1770700425065424000
676 1770700425529073200
677 1770700425911077400
678 1770700426196712300
679 1770700426482316000
680 1770700426777108400
681 1770700427055100000
682 1770700427352511700
683 1770700427622454200
684 1770700427913021000
685 1770700428333192700
686 1770700428599907300
687 1770700428933366700
688 1770700429202478900
689 1770700429581673200
690 1770700429867481800
691 1770700430156242900
692 1770700430451507500
693 1770700430713119200
694 1770700431050868700
695 1770700431273453000
696 1770700431623736700
697 1770700432003351700
698 1770700432395797800
699 1770700432733841900
700 1770700433171518700
701 1770700433520485000
702 1770700433850626900
703 1770700434334823600
704 1770700434680332000
705 1770700435025960500
706 1770700435373782900
707 1770700435706027900
708 1770700436089140500
709 1770700436413989300
710 1770700436989051500
711 1770700437423282800
712 1770700437646981300
713 1770700437885104100
714 1770700438088199400
715 1770700438307708300
716 1770700438526699300
717 1770700438749668900
718 1770700438947834000
719 1770700439215117200
720 1770700439520481400
721 1770700439782397800
722 1770700440117590800
723 1770700440382418200
724 1770700440775027700
725 1770700441035384100
726 1770700441314363500
727 1770700441497568300
728 1770700441705670500
729 1770700441932012000
730 1770700442147601700
731 1770700442376480100
732 1770700442589831300
733 1770700442784426900
734 1770700443022212600
735 1770700443223635600
736 1770700443440400600
737 1770700443661796900
738 1770700443887000200
739 1770700444104298600
740 1770700444330471300
741 1770700444536329200
742 1770700444871081800
743 1770700445095091300
744 1770700445319911900
745 1770700445581623500
746 1770700445784660300
747 1770700445976028400
748 1770700446176310100
749 1770700446392514900
750 1770700446637638000
751 1770700446840873500
752 1770700447104658400
753 1770700447333363600
754 1770700447539579300
755 1770700447774889500
756 1770700448070195500
757 1770700448319293100
758 1770700448524589400
759 1770700448757012900
760 1770700449022070200
761 1770700449247543400
762 1770700449461660500
763 1770700449712192900
764 1770700449957668100
765 1770700450237852000
766 1770700450669651700
767 1770700451129757500
768 1770700451379785700
769 1770700451640507400
770 1770700451885034900
771 1770700452284836600
772 1770700452525959400
773 1770700452763835300
774 1770700453043489700
775 1770700453327142000
776 1770700453596945100
777 1770700454527651200
778 1770700454995161500
779 1770700456038251300
780 1770700456704349900
781 1770700458712615300
782 1770700459983981800
783 1770700461260457300
784 1770700461510998600
785 1770700461779782300
786 1770700461997270500
787 1770700462264488500
788 1770700462996844500
789 1770700463523136900
790 1770700463823221100
791 1770700464759047800
792 1770700465046334600
793 1770700465428240400
794 1770700465803081300
795 1770700466246734800
796 1770700466557150700
797 1770700466847848000
798 1770700467120570600
799 1770700467488872900
800 1770700467739238500
801 1770700468024005200
802 1770700468281343800
803 1770700468565297600
804 1770700468842155100
805 1770700469139707600
806 1770700469544110800
807 1770700469886368400
808 1770700470154067500
809 1770700470465176300
810 1770700470731880000
811 1770700471027991800
812 1770700471286502900
813 1770700471564808400
814 1770700471783771800
815 1770700472029318800
816 1770700472298520400
817 1770700472678298800
818 1770700472900649700
819 1770700473154652400
820 1770700473366357300
821 1770700473676055000
822 1770700473968969400
823 1770700474216486500
824 1770700474461996400
825 1770700474692180400
826 1770700474917455100
827 1770700475132322100
828 1770700475352560200
829 1770700475568000700
830 1770700475804537400
831 1770700476073970700
832 1770700476355643800
833 1770700477429212500
834 1770700478196079600
835 1770700478781006700
836 1770700479088881000
837 1770700479366670300
838 1770700479751224100
839 1770700480143160600
840 1770700480459404700
841 1770700480707583500
842 1770700480966346200
843 1770700481197602700
844 1770700481468306200
845 1770700481712601700
846 1770700481966102000
847 1770700482186274500
848 1770700482415147900
849 1770700482701142800
850 1770700483025576000
851 1770700483275141800
852 1770700483500982800
853 1770700483789527700
854 1770700484050154100
855 1770700484302962300
856 1770700484550750800
857 1770700484899357300
858 1770700485167455600
859 1770700485533679200
860 1770700485785110200
861 1770700485989967500
862 1770700486229950800
863 1770700486455038100
864 1770700486724890100
865 1770700487094871000
866 1770700487465395800
867 1770700487822226500
868 1770700488185203800
869 1770700488493471500
870 1770700488878343600
871 1770700489347392500
872 1770700489713457300
873 1770700490111151600
874 1770700490514858800
875 1770700490780053600
876 1770700491048199900
877 1770700491289085700
878 1770700491515982900
879 1770700491785539600
880 1770700492591237200
881 1770700493014346700
882 1770700493330126200
883 1770700493963521600
884 1770700494370030400
885 1770700494754753000
886 1770700495121711800
887 1770700495469157700
888 1770700496051524900
889 1770700496417063900
890 1770700496744702200
891 1770700497034289900
892 1770700497301453900
893 1770700497649690500
894 1770700498041918600
895 1770700498304682600
896 1770700498803016500
897 1770700499120036000
898 1770700499506711400
899 1770700499787696000
900 1770700500071841600
901 1770700500384284100
902 1770700500679657400
903 1770700500986741100
904 1770700501252191500
905 1770700501500481800
906 1770700501756610900
907 1770700502034685200
908 1770700502305504600
909 1770700502514655000
910 1770700502731733700
911 1770700502967723900
912 1770700503225329400
913 1770700503654912300
914 1770700504100765200
915 1770700504349376000
916 1770700504594629200
917 1770700504846429400
918 1770700505082345300
919 1770700505328562100
920 1770700505617364800
921 1770700505844498500
922 1770700506084774200
923 1770700506292232700
924 1770700506517098100
925 1770700506851768300
926 1770700507070367100
927 1770700507298555700
928 1770700507758970100
929 1770700507974531300
930 1770700508199530500
931 1770700508426730500
932 1770700508643317300
933 1770700508883934900
934 1770700509151987000
935 1770700509351310000
936 1770700509602106600
937 1770700509826061800
938 1770700510055213000
939 1770700510312048100
940 1770700510649409200
941 1770700510902831000
942 1770700511151413500
943 1770700511397252900
944 1770700511652621900
945 1770700511941935800
946 1770700512171908100
947 1770700512412831100
948 1770700512686377300
949 1770700512938653400
950 1770700513338437300
951 1770700513598864500
952 1770700513847544700
953 1770700514187854100
954 1770700514437483200
955 1770700514725576600
956 1770700515015372000
957 1770700515342298700
958 1770700521189214500
959 1770700521474346000
960 1770700521894830700
961 1770700522208193900
962 1770700522515884200
963 1770700522823890800
964 1770700523113045300
965 1770700523420865200
966 1770700523703211600
967 1770700523961463000
968 1770700524292304500
969 1770700524584400700
970 1770700524872073200
971 1770700525150339200
972 1770700525475713600
973 1770700525769716500
974 1770700526020235900
975 1770700526277271100
976 1770700526537051400
977 1770700526809882100
978 1770700527062375100
979 1770700527343899000
980 1770700527612049900
981 1770700528103178000
982 1770700528480775700
983 1770700529002028400
984 1770700529327911900
985 1770700529813961000
986 1770700530584413200
987 1770700530979632200
988 1770700531227915800
989 1770700531466717700
990 1770700531692305700
991 1770700531977003400
992 1770700532241039500
993 1770700532677257900
994 1770700532892472600
995 1770700533135483600
996 1770700533361545800
997 1770700533631486800
998 1770700533871754000
999 1770700534093783600
1000 1770700534305551200
1001 1770700534531094000
1002 1770700534771228600
1003 1770700534988676000
1004 1770700535227610300
1005 1770700535474345500
1006 1770700535691698900
1007 1770700535897888900
1008 1770700536155491800
1009 1770700536378352400
1010 1770700536649867800
1011 1770700536925661700
1012 1770700537176899800
1013 1770700537395541000
1014 1770700537619758600
1015 1770700537848157700
1016 1770700538101608000
1017 1770700538313317200
1018 1770700538528043500
1019 1770700538728937000
1020 1770700538950554400
1021 1770700539160707700
1022 1770700539478852200
1023 1770700539774938900
1024 1770700539987236800
1025 1770700540205416700
1026 1770700540413526600
1027 1770700540632733400
1028 1770700540875764000
1029 1770700541103721400
1030 1770700541347523800
1031 1770700541581108300
1032 1770700541823499600
1033 1770700543408054900
1034 1770700544674242600
1035 1770700545649788500
1036 1770700546000702500
1037 1770700546299990600
1038 1770700546607881300
1039 1770700547100223900
1040 1770700547427686400
1041 1770701049181824200
1042 1770701051739766600
1043 1770701053168435000
1044 1770701053936566100
1045 1770701055331941300
1046 1770701055761623500
1047 1770701056144115300
1048 1770701056744445900
1049 1770701057085808900
1050 1770701057482595000
1051 1770701057770264900
1052 1770701058262361100
1053 1770701058900985900
1054 1770701059639968000
1055 1770701060012710100
1056 1770701060351556600
1057 1770701060630206500
1058 1770701060941218300
1059 1770701061283808400
1060 1770701061693609400
1061 1770701061987854300
1062 1770701062317884100
1063 1770701062679341600
1064 1770701063017071200
1065 1770701063567628100
1066 1770701064805925800
1067 1770701065107460000
1068 1770701065424164000
1069 1770701065693930300
1070 1770701065981606400
1071 1770701066374929500
1072 1770701066618109900
1073 1770701067037484400
1074 1770701067469460400
1075 1770701067748226000
1076 1770701068046713600
1077 1770701068326063700
1078 1770701068621327100
1079 1770701068880622000
1080 1770701069154388900
1081 1770701069418214800
1082 1770701069716706500
1083 1770701070009534300
1084 1770701070395901400
1085 1770701071317523900
1086 1770701072189627400
1087 1770701072470096000
1088 1770701072733102100
1089 1770701073149395900
1090 1770701073453657200
1091 1770701073765099200
1092 1770701074056600700
1093 1770701074376893400
1094 1770701074679674700
1095 1770701074982349600
1096 1770701075238440900
1097 1770701075990274200
1098 1770701076279105400
1099 1770701076501020700
1100 1770701076965614300
1101 1770701077225785300
1102 1770701077481236500
1103 1770701077677262400
1104 1770701077892690400
1105 1770701078123351900
1106 1770701078343386400
1107 1770701078573773100
1108 1770701078809741900
1109 1770701079058042400
1110 1770701079320354100
1111 1770701079558330300
1112 1770701079777740900
1113 1770701080012604600
1114 1770701080283249400
1115 1770701080535987300
1116 1770701080810012300
1117 1770701081064259100
1118 1770701081311543500
1119 1770701081555362000
1120 1770701081797586700
1121 1770701082042804700
1122 1770701082296611600
1123 1770701082546667900
1124 1770701082861815700
1125 1770701083150802300
1126 1770701083428936800
1127 1770701083647808200
1128 1770701083917718400
1129 1770701084171910500
1130 1770701084456525700
1131 1770701084723344200
1132 1770701084975239100
1133 1770701085219893200
1134 1770701085595797100
1135 1770701085858025800
1136 1770701086073099900
1137 1770701086445418800
1138 1770701086646845000
1139 1770701086860890900
1140 1770701087069444300
1141 1770701087297980700
1142 1770701087582262700
1143 1770701087851412400
1144 1770701088419696100
1145 1770701088695276200
1146 1770701089031667400
1147 1770701089520462900
1148 1770701089896661100
1149 1770701090205740600
1150 1770701090644070400
1151 1770701091076601700
1152 1770701091780783100
1153 1770701092400134700
1154 1770701092758082300
1155 1770701093271333000
1156 1770701093634872500
1157 1770701093889256300
1158 1770701094433429800
1159 1770701094766768400
1160 1770701095126779000
1161 1770701095393568700
1162 1770701095651554400
1163 1770701096116010300
1164 1770701096579543700
1165 1770701097169439100
1166 1770701097509419200
1167 1770701097865689700
1168 1770701098312425300
1169 1770701098630828600
1170 1770701099138444300
1171 1770701099698616400
1172 1770701099957153600
1173 1770701100231913200
1174 1770701100503069300
1175 1770701100770629000
1176 1770701101047480900
1177 1770701101316247100
1178 1770701101755755500
1179 1770701102028882300
1180 1770701102265576300
1181 1770701102545921100
1182 1770701102809286100
1183 1770701103065766900
1184 1770701103330921000
1185 1770701103605446900
1186 1770701103861968800
1187 1770701104107174300
1188 1770701104326073800
1189 1770701104568034200
1190 1770701104779876500
1191 1770701104996287400
1192 1770701105247876700
1193 1770701105441047900
1194 1770701105691680200
1195 1770701105923889900
1196 1770701106172469000
1197 1770701106412261700
1198 1770701106626695000
1199 1770701106947927900
1200 1770701107189201400
1201 1770701107418240700
1202 1770701107632479700
1203 1770701107850231400
1204 1770701108063251400
1205 1770701108293836100
1206 1770701108506125900
1207 1770701108705728800
1208 1770701108928973000
1209 1770701109300005300
1210 1770701109514113000
1211 1770701109806624100
1212 1770701110059411000
1213 1770701110313418000
1214 1770701110507460100
1215 1770701110738353500
1216 1770701110975701000
1217 1770701111197049100
1218 1770701111440517500
1219 1770701111685540600
1220 1770701111907096900
1221 1770701112140386900
1222 1770701112377876300
1223 1770701112645563900
1224 1770701112871010900
1225 1770701113193644900
1226 1770701113480500700
1227 1770701113714983500
1228 1770701113959030400
1229 1770701114181722100
1230 1770701114558477600
1231 1770701114784502100
1232 1770701115017502200
1233 1770701115215738400
1234 1770701115502597000
1235 1770701115923652100
1236 1770701116392471500
1237 1770701116858907300
1238 1770701117340963200
1239 1770701117622544200
1240 1770701117907764600
1241 1770701118133366200
1242 1770701118376974100
1243 1770701118592979700
1244 1770701119141170800
1245 1770701119366981700
1246 1770701119604263500
1247 1770701119889423500
1248 1770701120166651600
1249 1770701120489617100
1250 1770701120714705800
1251 1770701120968590200
1252 1770701121310952600
1253 1770701121532856600
1254 1770701121757896300
1255 1770701121994263200
1256 1770701122215325800
1257 1770701122465721100
1258 1770701122826487700
1259 1770701123228524100
1260 1770701123683946300
1261 1770701124090004200
1262 1770701124461665800
1263 1770701124831626600
1264 1770701125138864800
1265 1770701125549764600
1266 1770701125984186200
1267 1770701126774578800
1268 1770701127222756800
1269 1770701128009491100
1270 1770701128456090800
1271 1770701129380222900
1272 1770701129745281900
1273 1770701130049471000
1274 1770701131508296200
1275 1770701132017855800
1276 1770701134216996900
1277 1770701135605743700
1278 1770701136021763400
1279 1770701136723893800
1280 1770701137344266000
1281 1770701137638906200
1282 1770701138003188300
1283 1770701138379693200
1284 1770701139023354500
1285 1770701139743954000
1286 1770701140013736900
1287 1770701140303365900
1288 1770701140604511500
1289 1770701140894965300
1290 1770701141235938800
1291 1770701141679560400
1292 1770701142785995000
1293 1770701143611614900
1294 1770701144072197600
1295 1770701144391015800
1296 1770701144873979400
1297 1770701145412464100
1298 1770701146598930900
1299 1770701147059184700
1300 1770701147429616000
1301 1770701147937626900
1302 1770701148199753300
1303 1770701148500604800
1304 1770701148782962600
1305 1770701149129578500
1306 1770701149397893500
1307 1770701149714072200
1308 1770701150054197400
1309 1770701150437627900
1310 1770701150698046900
1311 1770701151028338600
1312 1770701151312592000
1313 1770701151561359100
1314 1770701151881365500
1315 1770701152208526400
1316 1770701152482152300
1317 1770701152867866200
1318 1770701153157670400
1319 1770701153798445700
1320 1770701154256774000
1321 1770701154665512300
1322 1770701155081692200
1323 1770701155474788000
1324 1770701155907421100
1325 1770701156345960300
1326 1770701156964990600
1327 1770701157526508900
1328 1770701157809894400
1329 1770701158150545100
1330 1770701158869365100
1331 1770701159495514900
1332 1770701159801085400
1333 1770701160188974700
1334 1770701160613753000
1335 1770701160968808200
1336 1770701161345505100
1337 1770701161709001200
1338 1770701162030381800
1339 1770701162617441600
1340 1770701162957001600
1341 1770701163578925000
1342 1770701164560135400
1343 1770701164890037500
1344 1770701165252749200
1345 1770701165563107300
1346 1770701165877176100
1347 1770701166167017800
1348 1770701166878385100
1349 1770701167376270300
1350 1770701167684400500
1351 1770701168103344100
1352 1770701168447878000
1353 1770701168856565800
1354 1770701169305847200
1355 1770701169740436600
1356 1770701170113207300
1357 1770701170610031300
1358 1770701171094285100
1359 1770701171702502500
1360 1770701172048883500
1361 1770701172399429000
1362 1770701172756182100
1363 1770701173134802100
1364 1770701173552010100
1365 1770701174022468700
1366 1770701174586857500
1367 1770701175090795500
1368 1770701175446619600
1369 1770701175831837000
1370 1770701176186891600
1371 1770701176521211500
1372 1770701176819828700
1373 1770701177290079800
1374 1770701177678819000
1375 1770701178080478400
1376 1770701178407598700
1377 1770701178822256700
1378 1770701179176793800
1379 1770701179511381900
1380 1770701179860664600
1381 1770701180375637400
1382 1770701180822155800
1383 1770701181185587900
1384 1770701181564535000
1385 1770701182067523700
1386 1770701182422654400
1387 1770701182720271600
1388 1770701183070423900
1389 1770701183387756100
1390 1770701183723671000
1391 1770701184032862700
1392 1770701184344046800
1393 1770701184671936600
1394 1770701184960677400
1395 1770701185339574500
1396 1770701185690221000
1397 1770701185999163200
1398 1770701186279641600
1399 1770701186587365300
1400 1770701186880456000
1401 1770701187191900900
1402 1770701187541714600
1403 1770701187885966700
1404 1770701188220294800
1405 1770701188638285600
1406 1770701188968124600
1407 1770701189420786400
1408 1770701189776872400
1409 1770701190153505800
1410 1770701190554067200
1411 1770701190909743900
1412 1770701191283998300
1413 1770701191657461000
1414 1770701191992735500
1415 1770701192500925500
1416 1770701192959288600
1417 1770701193440475800
1418 1770701193780642500
1419 1770701194211824200
1420 1770701194681410300
1421 1770701195007939800
1422 1770701195322195000
1423 1770701195687540300
1424 1770701196012158100
1425 1770701196443728500
1426 1770701196752632500
1427 1770701197033607100
1428 1770701197329346200
1429 1770701197622098300
1430 1770701197921759700
1431 1770701198226543600
1432 1770701198567280800
1433 1770701198857783300
1434 1770701199164238600
1435 1770701199430902800
1436 1770701199666667100
1437 1770701199968045100
1438 1770701200201970900
1439 1770701200446537500
1440 1770701200701187200
1441 1770701200941750000
1442 1770701201193124800
1443 1770701201429219000
1444 1770701201692942800
1445 1770701201956102100
1446 1770701202224932300
1447 1770701202489206400
1448 1770701202774712200
1449 1770701203294961700
1450 1770701203607420500
1451 1770701203857923300
1452 1770701204092040100
1453 1770701204328906600
1454 1770701204572714300
1455 1770701204836440700
1456 1770701205087172100
1457 1770701205324270400
1458 1770701205577571100
1459 1770701205835859800
1460 1770701206067475400
1461 1770701206374992400
1462 1770701206606712000
1463 1770701206870135000
1464 1770701207144941600
1465 1770701207391012500
1466 1770701207644254300
1467 1770701207901499700
1468 1770701208143580900
1469 1770701208386299200
1470 1770701208624285500
1471 1770701208883584300
1472 1770701209112544700
1473 1770701209352957000
1474 1770701209591865600
1475 1770701209857328500
1476 1770701210120735500
1477 1770701210390105100
1478 1770701210755961300
1479 1770701211000826700
1480 1770701211253372900
1481 1770701211508680500
1482 1770701211762648300
1483 1770701212020195700
1484 1770701212257053300
1485 1770701212496291100
1486 1770701212752175500
1487 1770701213001368100
1488 1770701213251611900
1489 1770701213529025300
1490 1770701213806967100
1491 1770701214115720600
1492 1770701214363148300
1493 1770701214596500400
1494 1770701214833368800
1495 1770701215105039900
1496 1770701215336187200
1497 1770701215590046200
1498 1770701215837542000
1499 1770701216153622100
1500 1770701216608789300
1501 1770701217050095800
1502 1770701217370878200
1503 1770701217748195300
1504 1770701218073975000
1505 1770701218381659200
1506 1770701218758089800
1507 1770701219110139600
1508 1770701219669127200
1509 1770701220060736500
1510 1770701220445957500
1511 1770701220827541300
1512 1770701221313460800
1513 1770701221639779200
1514 1770701221962978500
1515 1770701222391865600
1516 1770701222720296300
1517 1770701223033395500
1518 1770701223362742400
1519 1770701223706511800
1520 1770701224245649000
1521 1770701224838632700
1522 1770701225193925600
1523 1770701225488935400
1524 1770701225794958700
1525 1770701226135680700
1526 1770701226468331500
1527 1770701226879497600
1528 1770701227272359200
1529 1770701227624286700
1530 1770701227970181100
1531 1770701228301049800
1532 1770701228585970600
1533 1770701228905041500
1534 1770701229226265200
1535 1770701229591173200
1536 1770701229965673600
1537 1770701230351762900
1538 1770701230720499900
1539 1770701231232483600
1540 1770701231981483200
1541 1770701232341969600
1542 1770701232741374900
1543 1770701233100059800
1544 1770701233446230200
1545 1770701233783031500
1546 1770701234298248100
1547 1770701234753908900
1548 1770701235346595400
1549 1770701235730043600
1550 1770701236424298000
1551 1770701236830678500
1552 1770701237211126200
1553 1770701237619958400
1554 1770701238104878100
1555 1770701238491281500
1556 1770701238994440100
1557 1770701239460858200
1558 1770701239862839700
1559 1770701240232360200
1560 1770701240615911700
1561 1770701241267039700
1562 1770701241779865900
1563 1770701242174610000
1564 1770701242672998000
1565 1770701243041369000
1566 1770701243379638600
1567 1770701243724657800
1568 1770701244279440300
1569 1770701244833488400
1570 1770701245520899100
1571 1770701245824617600
1572 1770701246173097300
1573 1770701246552129700
1574 1770701246853195100
1575 1770701247138833900
1576 1770701247398934200
1577 1770701247738061700
1578 1770701247992436300
1579 1770701248254266400
1580 1770701248514436800
1581 1770701248803826900
1582 1770701249073669700
1583 1770701249442527400
1584 1770701250033019000
1585 1770701250275805600
1586 1770701250522151900
1587 1770701250722070700
1588 1770701250928272000
1589 1770701251123579600
1590 1770701251342654400
1591 1770701251557815600
1592 1770701251765396600
1593 1770701252020441000
1594 1770701252329058000
1595 1770701252630504800
1596 1770701252872928300
1597 1770701253070747500
1598 1770701253299331700
1599 1770701253498664600
1600 1770701253714813600
1601 1770701253909248500
1602 1770701254107315500
1603 1770701254313178000
1604 1770701254523235600
1605 1770701254749342000
1606 1770701255003194200
1607 1770701255279481100
